INITIAL 4.196898e-01 9.999974e-01 9.999930e-01 9.999958e-01 0.000000e+00 0.000000e+00 5.000000e-01 0.000000e+00 0.000000e+00 0.000000e+00
INITIAL 4.196898e-01 9.999974e-01 9.999930e-01 9.999958e-01 0.000000e+00 0.000000e+00 5.000000e-01 0.000000e+00 0.000000e+00 0.000000e+00
INITIAL 4.196898e-01 9.999974e-01 9.999930e-01 9.999958e-01 0.000000e+00 0.000000e+00 5.000000e-01 0.000000e+00 0.000000e+00 0.000000e+00
INITIAL 4.196898e-01 9.999974e-01 9.999930e-01 9.999958e-01 0.000000e+00 0.000000e+00 5.000000e-01 0.000000e+00 0.000000e+00 0.000000e+00
INITIAL 4.196898e-01 9.999974e-01 9.999930e-01 9.999958e-01 0.000000e+00 0.000000e+00 5.000000e-01 0.000000e+00 0.000000e+00 0.000000e+00
INITIAL 4.196898e-01 9.999974e-01 9.999930e-01 9.999958e-01 0.000000e+00 0.000000e+00 5.000000e-01 0.000000e+00 0.000000e+00 0.000000e+00
INITIAL 4.196898e-01 9.999974e-01 9.999930e-01 9.999958e-01 0.000000e+00 0.000000e+00 5.000000e-01 0.000000e+00 0.000000e+00 0.000000e+00
INITIAL 4.196898e-01 9.999974e-01 9.999930e-01 9.999958e-01 0.000000e+00 0.000000e+00 5.000000e-01 0.000000e+00 0.000000e+00 0.000000e+00
INITIAL 4.196898e-01 9.999974e-01 9.999930e-01 9.999958e-01 0.000000e+00 0.000000e+00 5.000000e-01 0.000000e+00 0.000000e+00 0.000000e+00
INITIAL 4.196898e-01 9.999974e-01 9.999930e-01 9.999958e-01 0.000000e+00 0.000000e+00 5.000000e-01 0.000000e+00 0.000000e+00 0.000000e+00
XINIT 0.0 0.0 0.0 0.0 0.0 0.0
STAGE 12.0 0.0 0.0 0.0 0.0 0.0 0.0 0.0 0.0 1.0 1.0 0.0 1.0 0.0 1.0 0.0 0.0 0.0 0.0 0.0 0.0
STAGE 12.0 0.0 0.0 0.0 0.0 0.0 0.0 0.0 0.0 1.0 1.0 0.0 1.0 0.0 1.0 0.0 0.0 0.0 0.0 0.0 0.0
STAGE 12.0 0.0 0.0 0.0 0.0 0.0 0.0 0.0 0.0 1.0 1.0 0.0 1.0 0.0 1.0 0.0 0.0 0.0 0.0 0.0 0.0
STAGE 12.0 0.0 0.0 0.0 0.0 0.0 0.0 0.0 0.0 1.0 1.0 0.0 1.0 0.0 1.0 0.0 0.0 0.0 0.0 0.0 0.0
STAGE 12.0 0.0 0.0 0.0 0.0 0.0 0.0 0.0 0.0 1.0 1.0 0.0 1.0 0.0 1.0 0.0 1.0 0.0 1.0 0.0 1.0
STAGE 12.0 0.0 0.0 0.0 0.0 0.0 0.0 0.0 0.0 1.0 1.0 0.0 1.0 0.0 1.0 0.0 0.0 0.0 0.0 0.0 0.0
STAGE 12.0 0.0 0.0 0.0 0.0 0.0 0.0 0.0 0.0 1.0 1.0 0.0 1.0 0.0 1.0 0.0 0.0 0.0 0.0 0.0 0.0
STAGE 12.0 0.0 0.0 0.0 0.0 0.0 0.0 0.0 0.0 1.0 1.0 0.0 1.0 0.0 1.0 0.0 0.0 0.0 0.0 0.0 0.0
STAGE 12.0 0.0 0.0 0.0 0.0 0.0 0.0 0.0 0.0 1.0 1.0 0.0 1.0 0.0 1.0 0.0 0.0 0.0 0.0 0.0 0.0
STAGE 12.0 0.0 0.0 0.0 0.0 0.0 0.0 0.0 0.0 1.0 1.0 0.0 1.0 0.0 1.0 0.0 1.0 0.0 1.0 0.0 1.0
